0 0 -150000.000,0.000,360.000 -148512.315,-191.816,352.653 -147027.514,-404.807,351.837 -145539.829,-596.623,352.653 -144055.028,-809.614,351.837 -142573.412,-1043.738,351.020 -141088.610,-1256.730,351.837 -139606.994,-1490.854,351.020 -138122.193,-1703.845,351.837 -136640.577,-1937.969,351.020 -135162.447,-2193.178,350.204 -133680.831,-2427.302,351.020 -132202.701,-2682.511,350.204 -130728.357,-2958.753,349.388 -129250.227,-3213.962,350.204 -127775.883,-3490.204,349.388
1 0 -143335.921,44213.276,342.857 -141970.868,43591.479,335.510 -140614.813,42950.298,334.694 -139249.760,42328.501,335.510 -137893.705,41687.319,334.694 -136546.922,41026.883,333.878 -135190.867,40385.701,334.694 -133844.084,39725.265,333.878 -132488.029,39084.083,334.694 -131141.246,38423.646,333.878 -129804.009,37744.089,333.061 -128457.227,37083.653,333.878 -127119.990,36404.095,333.061 -125792.571,35705.555,332.245 -124455.334,35025.998,333.061 -123127.915,34327.458,332.245
2 0 -123935.816,84498.009,325.714 -122814.687,83501.480,318.367 -121707.869,82489.080,317.551 -120586.739,81492.552,318.367 -119479.921,80480.152,317.551 -118387.640,79452.085,316.735 -117280.822,78439.685,317.551 -116188.540,77411.619,316.735 -115081.722,76399.219,317.551 -113989.440,75371.152,316.735 -112911.916,74327.629,315.918 -111819.634,73299.562,316.735 -110742.110,72256.038,315.918 -109679.563,71197.269,315.102 -108602.039,70153.745,315.918 -107539.491,69094.976,315.102
3 0 -93523.470,117274.722,308.571 -92745.881,115992.008,301.224 -91986.646,114698.346,300.408 -91209.058,113415.632,301.224 -90449.823,112121.969,300.408 -89709.096,110817.621,299.592 -88949.861,109523.959,300.408 -88209.134,108219.611,299.592 -87449.899,106925.949,300.408 -86709.172,105621.601,299.592 -85987.103,104306.832,298.776 -85246.376,103002.484,299.592 -84524.308,101687.715,298.776 -83821.044,100362.793,297.959 -83098.975,99048.024,298.776 -82395.712,97723.101,297.959
4 0 -54801.154,139631.062,291.429 -54436.198,138176.137,284.082 -54092.007,136716.160,283.265 -53727.051,135261.235,284.082 -53382.860,133801.258,283.265 -53059.505,132336.526,282.449 -52715.314,130876.549,283.265 -52391.959,129411.816,282.449 -52047.768,127951.839,283.265 -51724.413,126487.107,282.449 -51421.959,125017.916,281.633 -51098.604,123553.183,282.449 -50796.149,122083.993,281.633 -50514.658,120610.642,280.816 -50212.203,119141.451,281.633 -49930.712,117668.100,280.816
5 0 -11209.514,149580.570,274.286 -11289.619,148082.710,266.939 -11391.055,146586.144,266.122 -11471.160,145088.284,266.939 -11572.596,143591.718,266.122 -11695.344,142096.749,265.306 -11796.781,140600.182,266.122 -11919.529,139105.213,265.306 -12020.965,137608.647,266.122 -12143.713,136113.678,265.306 -12287.748,134620.609,264.490 -12410.496,133125.640,265.306 -12554.531,131632.571,264.490 -12719.822,130141.706,263.673 -12863.857,128648.637,264.490 -13029.149,127157.772,263.673
6 0 33378.140,146239.187,257.143 32860.093,144831.484,249.796 32322.042,143431.305,248.980 31803.994,142023.602,249.796 31265.944,140623.423,248.980 30707.999,139231.052,248.163 30169.948,137830.873,248.980 29612.004,136438.502,248.163 29073.953,135038.323,248.980 28516.008,133645.951,248.163 27938.283,132261.670,247.347 27380.339,130869.299,248.163 26802.613,129485.018,247.347 26205.225,128109.109,246.531 25627.500,126724.828,247.347 25030.111,125348.918,246.531
7 0 75000.000,129903.811,240.000 74090.040,128711.345,232.653 73163.184,127531.966,231.837 72253.224,126339.500,232.653 71326.367,125160.121,231.837 70382.802,123994.066,231.020 69455.945,122814.686,231.837 68512.380,121648.631,231.020 67585.523,120469.251,231.837 66641.958,119303.196,231.020 65681.875,118150.702,230.204 64738.310,116984.647,231.020 63778.228,115832.153,230.204 62801.823,114693.455,229.388 61841.741,113540.961,230.204 60865.336,112402.263,229.388
8 0 109957.781,102025.911,222.857 108736.763,101154.639,215.510 107503.455,100300.851,214.694 106282.437,99429.579,215.510 105049.130,98575.792,214.694 103803.784,97739.662,213.878 102570.476,96885.875,214.694 101325.130,96049.745,213.878 100091.823,95195.957,214.694 98846.477,94359.827,213.878 97589.345,93541.525,213.061 96343.999,92705.395,213.878 95086.866,91887.093,213.061 93818.203,91086.784,212.245 92561.071,90268.482,213.061 91292.408,89468.173,212.245
9 0 135145.330,65082.561,205.714 133721.747,64609.899,198.367 132291.573,64157.566,197.551 130867.990,63684.904,198.367 129437.817,63232.571,197.551 128001.344,62800.661,196.735 126571.171,62348.328,197.551 125134.698,61916.418,196.735 123704.525,61464.085,197.551 122268.053,61032.175,196.735 120825.573,60620.773,195.918 119389.100,60188.863,196.735 117946.620,59777.461,195.918 116498.425,59386.653,195.102 115055.945,58975.252,195.918 113607.750,58584.443,195.102
10 0 148324.624,22356.340,188.571 146824.966,22324.285,181.224 145325.005,22313.600,180.408 143825.347,22281.545,181.224 142325.385,22270.859,180.408 140825.423,22281.545,179.592 139325.461,22270.859,180.408 137825.499,22281.545,179.592 136325.537,22270.859,180.408 134825.575,22281.545,179.592 133325.918,22313.600,178.776 131825.956,22324.285,179.592 130326.299,22356.340,178.776 128827.250,22409.757,177.959 127327.593,22441.812,178.776 125828.544,22495.229,177.959
11 0 148324.624,-22356.340,171.429 146882.144,-21944.939,164.082 145445.671,-21513.028,163.265 144003.191,-21101.627,164.082 142566.719,-20669.716,163.265 141136.545,-20217.384,162.449 139700.073,-19785.473,163.265 138269.900,-19333.141,162.449 136833.427,-18901.230,163.265 135403.254,-18448.897,162.449 133979.670,-17976.235,161.633 132549.497,-17523.903,162.449 131125.914,-17051.240,161.633 129709.209,-16558.344,160.816 128285.625,-16085.682,161.633 126868.920,-15592.785,160.816
12 0 135145.330,-65082.561,154.286 133888.198,-64264.259,146.939 132642.852,-63428.129,146.122 131385.720,-62609.826,146.939 130140.374,-61773.697,146.122 128907.066,-60919.909,145.306 127661.720,-60083.779,146.122 126428.413,-59229.992,145.306 125183.067,-58393.862,146.122 123949.759,-57540.074,145.306 122728.741,-56668.803,144.490 121495.434,-55815.015,145.306 120274.416,-54943.743,144.490 119065.935,-54055.164,143.673 117844.917,-53183.892,144.490 116636.436,-52295.312,143.673
13 0 109957.781,-102025.911,137.143 108997.698,-100873.417,129.796 108054.133,-99707.362,128.980 107094.051,-98554.868,129.796 106150.485,-97388.813,128.980 105223.629,-96209.433,128.163 104280.063,-95043.378,128.980 103353.207,-93863.998,128.163 102409.641,-92697.943,128.980 101482.785,-91518.563,128.163 100572.825,-90326.098,127.347 99645.968,-89146.718,128.163 98736.008,-87954.253,127.347 97843.130,-86748.945,126.531 96933.170,-85556.480,127.347 96040.292,-84351.171,126.531
14 0 75000.000,-129903.811,120.000 74422.275,-128519.530,112.653 73864.330,-127127.158,111.837 73286.605,-125742.877,112.653 72728.660,-124350.506,111.837 72190.610,-122950.327,111.020 71632.665,-121557.956,111.837 71094.614,-120157.777,111.020 70536.670,-118765.405,111.837 69998.619,-117365.226,111.020 69480.572,-115957.524,110.204 68942.521,-114557.345,111.020 68424.473,-113149.642,110.204 67926.534,-111734.702,109.388 67408.486,-110326.999,110.204 66910.547,-108912.058,109.388
15 0 33378.140,-146239.187,102.857 33234.106,-144746.118,95.510 33111.358,-143251.149,94.694 32967.323,-141758.080,95.510 32844.575,-140263.111,94.694 32743.138,-138766.545,93.878 32620.390,-137271.576,94.694 32518.954,-135775.009,93.878 32396.206,-134280.040,94.694 32294.769,-132783.474,93.878 32214.665,-131285.614,93.061 32113.228,-129789.048,93.878 32033.124,-128291.188,93.061 31974.367,-126792.340,92.245 31894.263,-125294.480,93.061 31835.506,-123795.631,92.245
16 0 -11209.514,-149580.570,85.714 -10907.060,-148111.379,78.367 -10583.705,-146646.646,77.551 -10281.250,-145177.456,78.367 -9957.895,-143712.723,77.551 -9613.704,-142252.746,76.735 -9290.349,-140788.014,77.551 -8946.159,-139328.037,76.735 -8622.803,-137863.304,77.551 -8278.613,-136403.327,76.735 -7913.657,-134948.402,75.918 -7569.466,-133488.425,76.735 -7204.510,-132033.500,75.918 -6818.862,-130583.922,75.102 -6453.906,-129128.997,75.918 -6068.259,-127679.419,75.102
17 0 -54801.154,-139631.062,68.571 -54079.085,-138316.294,61.224 -53338.358,-137011.946,60.408 -52616.289,-135697.177,61.224 -51875.562,-134392.829,60.408 -51116.328,-133099.167,59.592 -50375.601,-131794.819,60.408 -49616.366,-130501.156,59.592 -48875.639,-129196.808,60.408 -48116.404,-127903.146,59.592 -47338.815,-126620.432,58.776 -46579.580,-125326.769,59.592 -45801.991,-124044.055,58.776 -45006.206,-122772.550,57.959 -44228.617,-121489.836,58.776 -43432.832,-120218.330,57.959
18 0 -93523.470,-117274.722,51.429 -92445.946,-116231.199,44.082 -91353.664,-115203.132,43.265 -90276.140,-114159.608,44.082 -89183.859,-113131.542,43.265 -88077.041,-112119.142,42.449 -86984.759,-111091.076,43.265 -85877.941,-110078.676,42.449 -84785.659,-109050.609,43.265 -83678.841,-108038.209,42.449 -82557.712,-107041.681,41.633 -81450.894,-106029.281,42.449 -80329.764,-105032.752,41.633 -79194.551,-104052.298,40.816 -78073.422,-103055.769,41.633 -76938.208,-102075.315,40.816
19 0 -123935.816,-84498.009,34.286 -122598.579,-83818.452,26.939 -121251.797,-83158.015,26.122 -119914.560,-82478.458,26.939 -118567.777,-81818.021,26.122 -117211.722,-81176.840,25.306 -115864.939,-80516.403,26.122 -114508.884,-79875.221,25.306 -113162.101,-79214.785,26.122 -111806.046,-78573.603,25.306 -110440.993,-77951.806,24.490 -109084.938,-77310.625,25.306 -107719.885,-76688.828,24.490 -106346.112,-76086.542,23.673 -104981.060,-75464.746,24.490 -103607.287,-74862.460,23.673
20 0 -143335.921,-44213.276,17.143 -141857.791,-43958.067,9.796 -140376.175,-43723.943,8.980 -138898.045,-43468.734,9.796 -137416.429,-43234.610,8.980 -135931.628,-43021.619,8.163 -134450.012,-42787.495,8.980 -132965.210,-42574.503,8.163 -131483.594,-42340.379,8.980 -129998.793,-42127.388,8.163 -128511.108,-41935.572,7.347 -127026.307,-41722.581,8.163 -125538.622,-41530.765,7.347 -124048.355,-41360.164,6.531 -122560.670,-41168.348,7.347 -121070.403,-40997.747,6.531
